-11519962510.5
0.0
-11519937515.5
0.0
-11519925013.0
0.0
-11519900005.5
0.0
-11519875010.5
0.0
-11519850017.5
0.0
-11519825015.0
0.0
-11519837512.5
0.0
-11519837512.5
0.0
-11519875012.5
0.0
-11519900008.5
0.0
-11519925013.5
0.0
-11519950017.5
0.0
-11519975012.5
0.0
-11519962510.0
0.0
-11519937515.0
0.0
-11519925012.5
0.0
-11519900005.0
0.0
-11519875010.0
0.0
-11519850017.5
0.0
-11519850015.0
0.0
-11519837512.5
0.0
-11519837512.5
0.0
-11519875012.5
0.0
-11519900010.0
0.0
-11519925015.0
0.0
-11519925017.5
0.0
-11519975012.5
0.0
-11519962510.0
0.0
-11519937515.0
0.0
-11519925012.5
0.0
-11519900005.0
0.0
-11519875010.0
0.0
-11519850016.0
0.0
-11519850015.0
0.0
-11519837512.5
0.0
-11519812512.5
0.0
-11519875012.5
0.0
-11519900010.0
0.0
-11519925015.0
0.0
-11519950018.5
0.0
-11519975013.5
0.0
-11519962510.0
0.0
-11519937515.0
0.0
-11519925012.5
0.0
-11519900005.0
0.0
-11519850010.0
0.0
-11519850017.5
0.0
-11519850015.0
0.0
-11519837512.5
0.0
-11519837512.5
0.0
-11519875012.5
0.0
-11519900010.0
0.0
-11519925015.0
0.0
-11519950017.5
0.0
-11519975012.5
0.0
-11519962510.0
0.0
-11519937515.0
0.0
-11519925012.5
0.0
-11519900005.0
0.0
-11519875011.0
0.0
-11519850018.5
0.0
-11519850015.0
0.0
-11519837512.5
0.0
-11519837512.5
0.0
-11519875012.5
0.0
-11519900010.0
0.0
-11519900015.0
0.0
-11519950017.5
0.0
-11519975012.5
0.0
-11519962509.5
0.0
-11519937514.5
0.0
-11519925012.5
0.0
-11519900005.0
0.0
-11519875010.0
0.0
-11519825017.5
0.0
-11519850015.0
0.0
-11519837512.5
0.0
-11519837512.5
0.0
-11519875013.0
0.0
-11519900010.5
0.0
-11519925015.5
0.0
-11519950018.0
0.0
-11519975013.0
0.0
-11519962510.0
0.0
-11519937515.0
0.0
-11519925012.5
0.0
-11519900005.0
0.0
-11519875010.0
0.0
-11519850017.5
0.0
-11519850015.0
0.0
-11519837512.5
0.0
-11519812512.5
0.0
-11519875014.0
0.0
-11519900011.5
0.0
-11519925016.5
0.0
-11519950019.0
0.0
-11519975014.0
0.0
-11519962510.0
0.0
-11519937515.0
0.0
-11519925012.5
0.0
-11519900005.0
0.0
-11519875010.0
0.0
-11519850017.5
0.0
-11519850015.0
0.0
-11519837512.5
0.0
-11519837512.5
0.0
-11519875012.5
0.0
-11519900011.0
0.0
-11519925016.0
0.0
-11519950012.5
0.0
-11519950017.5
0.0
0.0
0.0
0.0
0.0
0.0
0.0
0.0
0.0
0.0
0.0
0.0
0.0
0.0
0.0
0.0
0.0
0.0
0.0
0.0
0.0
0.0
0.0
0.0
0.0
0.0
0.0
0.0
0.0
0.0
0.0
0.0
0.0
-10776000000.0
-6144000000.0
-3072000000.0
-1536000000.0
-768000000.0
-384000000.0
-192000000.0
-96000000.0
-48000000.0
-24000000.0
-10776000000.0
-6144000000.0
-3072000000.0
-1536000000.0
-768000000.0
-384000000.0
-192000000.0
-96000000.0
-48000000.0
-24000000.0
-10776000000.0
-6144000000.0
-3072000000.0
-1536000000.0
-768000000.0
-384000000.0
-192000000.0
-96000000.0
-48000000.0
-24000000.0
-10776000000.0
-6144000000.0
-3072000000.0
-1536000000.0
-768000000.0
-384000000.0
-192000000.0
-96000000.0
-48000000.0
-24000000.0
-10776000000.0
-6144000000.0
-3072000000.0
-1536000000.0
-768000000.0
-384000000.0
-192000000.0
-96000000.0
-48000000.0
-24000000.0
-10776000000.0
-6144000000.0
-3072000000.0
-1536000000.0
-768000000.0
-384000000.0
-192000000.0
-96000000.0
-48000000.0
-24000000.0
-10776000000.0
-6144000000.0
-3072000000.0
-1536000000.0
-768000000.0
-384000000.0
-192000000.0
-96000000.0
-48000000.0
-24000000.0
-10776000000.0
-6144000000.0
-3072000000.0
-1536000000.0
-768000000.0
-384000000.0
-192000000.0
-96000000.0
-48000000.0
-24000000.0
50000.0
50000.0
25000.0
50000.0
50000.0
25000.0
50000.0
50000.0
25000.0
50000.0
50000.0
25000.0
50000.0
50000.0
25000.0
50000.0
50000.0
25000.0
50000.0
50000.0
25000.0
50000.0
50000.0
25000.0
50000.0
50000.0
25000.0
50000.0
50000.0
25000.0
50000.0
50000.0
25000.0
50000.0
50000.0
25000.0
50000.0
50000.0
25000.0
50000.0
50000.0
25000.0
50000.0
50000.0
25000.0
50000.0
50000.0
25000.0
50000.0
50000.0
25000.0
50000.0
50000.0
25000.0
50000.0
50000.0
25000.0
50000.0
50000.0
25000.0
50000.0
50000.0
25000.0
50000.0
50000.0
25000.0
50000.0
50000.0
25000.0
50000.0
50000.0
25000.0
50000.0
50000.0
25000.0
50000.0
50000.0
25000.0
50000.0
50000.0
25000.0
50000.0
50000.0
25000.0
50000.0
50000.0
25000.0
50000.0
50000.0
25000.0
50000.0
50000.0
25000.0
50000.0
50000.0
25000.0
50000.0
50000.0
25000.0
50000.0
50000.0
25000.0
50000.0
50000.0
25000.0
50000.0
50000.0
25000.0
50000.0
50000.0
25000.0
50000.0
50000.0
25000.0
50000.0
50000.0
25000.0
50000.0
50000.0
25000.0
50000.0
50000.0
25000.0
50000.0
50000.0
25000.0
50000.0
50000.0
25000.0
50000.0
50000.0
25000.0
50000.0
50000.0
25000.0
50000.0
50000.0
25000.0
50000.0
50000.0
25000.0
50000.0
50000.0
25000.0
50000.0
50000.0
25000.0
50000.0
50000.0
25000.0
50000.0
50000.0
25000.0
50000.0
50000.0
25000.0
50000.0
50000.0
25000.0
50000.0
50000.0
25000.0
50000.0
50000.0
25000.0
50000.0
50000.0
25000.0
50000.0
50000.0
25000.0
50000.0
50000.0
25000.0
50000.0
50000.0
25000.0
50000.0
50000.0
25000.0
50000.0
50000.0
25000.0
50000.0
50000.0
25000.0
50000.0
50000.0
25000.0
50000.0
50000.0
25000.0
50000.0
50000.0
25000.0
50000.0
50000.0
25000.0
50000.0
50000.0
25000.0
50000.0
50000.0
25000.0
50000.0
50000.0
25000.0
50000.0
50000.0
25000.0
50000.0
50000.0
25000.0
50000.0
50000.0
25000.0
25000.0
25000.0
25000.0
25000.0
25000.0
25000.0
25000.0
25000.0
25000.0
25000.0
25000.0
25000.0
25000.0
25000.0
25000.0
25000.0
25000.0
25000.0
25000.0
25000.0
25000.0
25000.0
25000.0
25000.0
25000.0
25000.0
25000.0
25000.0
25000.0
25000.0
25000.0
25000.0
25000.0
25000.0
25000.0
25000.0
25000.0
25000.0
25000.0
25000.0
25000.0
25000.0
25000.0
25000.0
25000.0
25000.0
25000.0
25000.0
25000.0
25000.0
25000.0
25000.0
25000.0
25000.0
25000.0
25000.0
25000.0
25000.0
25000.0
25000.0
25000.0
25000.0
25000.0
25000.0
25000.0
25000.0
25000.0
25000.0
25000.0
25000.0
25000.0
25000.0
25000.0
25000.0
25000.0
25000.0
25000.0
25000.0
25000.0
25000.0
25000.0
25000.0
25000.0
25000.0
25000.0
25000.0
25000.0
25000.0
25000.0
25000.0
25000.0
25000.0
25000.0
25000.0
25000.0
25000.0
25000.0
25000.0
25000.0
25000.0
25000.0
25000.0
25000.0
25000.0
25000.0
25000.0
25000.0
25000.0
25000.0
25000.0
25000.0
25000.0
25000.0
25000.0
25000.0
25000.0
25000.0
25000.0
25000.0
25000.0
25000.0
25000.0
25000.0
25000.0
25000.0
25000.0
25000.0
25000.0
25000.0
25000.0
25000.0
25000.0
25000.0
25000.0
25000.0
25000.0
25000.0
25000.0
25000.0
25000.0
25000.0
25000.0
25000.0
25000.0
25000.0
25000.0
25000.0
25000.0
25000.0
25000.0
25000.0
25000.0
25000.0
25000.0
25000.0
25000.0
25000.0
25000.0
25000.0
25000.0
25000.0
25000.0
25000.0
25000.0
25000.0
25000.0
25000.0
25000.0
25000.0
25000.0
25000.0
25000.0
25000.0
25000.0
25000.0
25000.0
25000.0
25000.0
25000.0
25000.0
25000.0
25000.0
25000.0
25000.0
25000.0
25000.0
25000.0
25000.0
25000.0
25000.0
25000.0
25000.0
25000.0
25000.0
25000.0
25000.0
25000.0
25000.0
25000.0
25000.0
25000.0
25000.0
25000.0
25000.0
25000.0
25000.0
25000.0
25000.0
25000.0
25000.0
25000.0
25000.0
25000.0
25000.0
25000.0
25000.0
25000.0
25000.0
25000.0
25000.0
25000.0
25000.0
25000.0
25000.0
25000.0
25000.0
25000.0
25000.0
25000.0
25000.0
25000.0
25000.0
25000.0
25000.0
25000.0
25000.0
25000.0
25000.0
25000.0
25000.0
25000.0
25000.0
25000.0
25000.0
25000.0
25000.0
25000.0
25000.0
25000.0
25000.0
25000.0
25000.0
25000.0
25000.0
25000.0
25000.0
25000.0
25000.0
25000.0
25000.0
25000.0
25000.0
25000.0
25000.0
25000.0
25000.0
25000.0
25000.0
25000.0
25000.0
25000.0
25000.0
25000.0
25000.0
25000.0
25000.0
25000.0
25000.0
25000.0
25000.0
25000.0
25000.0
25000.0
25000.0
25000.0
25000.0
25000.0
25000.0
25000.0
25000.0
25000.0
25000.0
25000.0
25000.0
25000.0
25000.0
25000.0
25000.0
25000.0
25000.0
25000.0
25000.0
25000.0
25000.0
25000.0
25000.0
25000.0
25000.0
25000.0
25000.0
25000.0
25000.0
25000.0
25000.0
25000.0
25000.0
25000.0
25000.0
25000.0
25000.0
25000.0
25000.0
25000.0
25000.0
25000.0
25000.0
25000.0
25000.0
25000.0
25000.0
25000.0
25000.0
25000.0
25000.0
25000.0
25000.0
25000.0
25000.0
25000.0
25000.0
25000.0
25000.0
25000.0
25000.0
25000.0
25000.0
25000.0
25000.0
25000.0
25000.0
25000.0
25000.0
25000.0
25000.0
25000.0
25000.0
25000.0
25000.0
25000.0
25000.0
25000.0
25000.0
25000.0
25000.0
25000.0
25000.0
25000.0
25000.0
25000.0
25000.0
25000.0
25000.0
25000.0
25000.0
25000.0
25000.0
25000.0
25000.0
25000.0
25000.0
25000.0
25000.0
25000.0
25000.0
25000.0
0.0
0.0
25000.0
0.0
0.0
25000.0
0.0
0.0
25000.0
0.0
0.0
25000.0
0.0
0.0
25000.0
0.0
0.0
25000.0
0.0
0.0
25000.0
0.0
0.0
10.5
21.0
10.5
15.5
15.5
26.0
13.0
16.5
11.0
5.5
10.5
21.0
10.5
18.0
15.5
15.5
26.0
13.0
26.0
13.0
26.0
13.0
10.5
21.0
10.5
15.5
15.5
18.0
26.0
13.0
